300
97 132 516467350
118 146 1343054
156 257 784496906
155 272 202784899
210 120 743605341
40 245 340194739
162 167 809651570
129 265 467843049
42 38 816050241
87 68 626561855
300 292 86059128
88 180 499267507
220 162 912417703
44 299 187383491
87 81 424956303
150 133 960679213
75 139 46150939
255 188 379630526
192 136 108847783
79 281 93909540
181 44 717423309
252 123 55422637
49 58 309971494
290 267 991746185
147 235 782723620
7 254 899819512
21 160 898090850
77 37 763954040
60 200 404914315
281 117 218879746
290 225 582094351
99 246 507740890
266 66 571738515
197 144 364863579
281 181 622873273
34 26 329443463
40 186 733843392
234 297 534675023
73 172 768739862
243 31 353616485
225 128 987195310
195 32 686205094
124 142 999541680
256 98 18865394
135 196 72153171
45 39 645300234
285 48 130468791
67 255 711493286
218 72 323911905
106 154 446912207
288 238 26034321
3 61 821503567
261 206 122276679
300 168 375148574
266 95 228731299
79 220 816043987
48 170 992894609
216 64 916244294
88 46 128996725
108 295 281996275
156 51 924456300
212 57 248266554
88 34 760142145
48 165 436101279
274 231 166317153
42 102 939312208
154 25 167607612
5 263 833663746
5 28 747784048
124 227 611911502
96 243 604311139
147 212 834179194
288 135 868146050
274 161 265904635
57 130 107581363
220 125 480047750
85 258 742852774
55 155 379151229
193 29 758337557
48 277 5047552
275 226 304918526
287 71 451855046
146 77 457183033
86 47 14384996
259 82 140100380
220 237 818790390
289 287 558855807
147 103 482394396
154 41 362507999
300 262 166740149
267 75 414044335
256 149 655698346
37 6 718770725
46 275 658302358
19 242 882485760
45 259 317980196
128 19 119881558
137 4 142383266
156 290 440307325
232 276 1419666
39 190 878263593
45 65 119359329
247 114 999035268
291 1 856471347
129 21 8727743
266 273 686927699
125 101 485124013
156 8 619766713
104 148 785035038
201 218 590310414
8 230 415618103
165 30 875991638
129 207 266910919
248 16 371586091
135 208 373302861
232 158 945653285
55 153 369835822
84 3 281068436
229 213 311774456
104 150 139009281
171 90 732457044
174 192 856476288
229 45 260259490
64 175 664256049
138 113 616533382
124 27 326438558
290 251 213413975
8 20 746314141
156 290 440308405
73 291 425948864
99 176 85147278
183 87 489449705
230 126 534874168
293 164 272390674
40 166 134707851
285 288 918358726
184 236 274289946
180 137 418118843
183 296 224736577
239 119 969155905
79 205 625397480
174 216 433362522
156 104 321792144
111 253 408182143
281 222 634201167
198 93 872073301
249 219 57891607
195 109 353925932
296 59 257269869
127 229 886302334
230 129 229173497
269 100 664860496
124 178 120726529
118 214 436887458
290 239 533015932
195 241 800967360
252 78 378646423
275 110 520219026
150 294 637689557
85 89 998568712
229 210 910121777
230 147 154868943
55 140 256876755
32 94 798516168
39 198 111249726
202 124 831062937
86 152 576859150
230 232 778216984
235 284 724084229
8 14 827527744
60 99 299153598
250 54 192669491
74 106 451512702
129 300 873054603
97 285 645054483
79 274 556749299
8 134 895496215
259 86 623851656
281 194 644662097
239 189 182627879
46 204 112841665
253 70 430360864
74 256 288073547
230 74 443167128
260 10 211633215
186 270 169228932
224 91 741990836
143 63 41585196
257 42 680107078
225 177 407616304
127 60 808452081
31 187 373671163
156 197 666795370
10 248 352769911
267 111 606608271
35 185 904763771
96 76 123827209
235 279 917043956
104 118 522979213
264 143 193735138
229 49 664652137
96 122 501893897
228 85 526053733
179 18 667383100
158 271 401469214
232 50 305729677
265 173 132000138
199 215 853032071
257 293 546905839
74 7 339917066
7 151 275081310
297 278 897867133
35 169 625582110
88 247 432760520
96 250 63350353
215 217 75433316
177 249 503351561
8 96 78578229
109 223 971572233
290 202 536003817
220 141 844846708
40 157 352445088
232 121 34120539
34 266 39606003
290 22 113482390
183 195 312143093
232 199 605348506
210 107 753438376
129 116 72539989
231 145 497370752
220 53 36191353
266 201 64230077
178 224 84364710
214 131 690680222
143 193 793921767
131 159 565496501
60 17 99640084
300 84 31695095
186 171 480852712
160 9 720374789
159 36 310097080
290 79 634970721
211 33 529430933
4 112 739828550
43 203 464043898
159 282 790173631
85 234 590131116
74 12 513698563
211 280 124893600
156 127 740878795
235 67 912426527
290 260 354226479
25 283 365010185
5 43 612146284
230 73 548206990
276 289 900392713
287 182 247140922
214 97 269673183
275 211 447277690
78 240 284489176
245 83 438129743
281 221 398571968
147 138 804987188
8 183 452133864
147 52 14239325
274 40 605678836
290 55 16479449
183 88 201343460
104 269 121570439
269 15 446535753
224 2 840585338
7 233 88132417
74 108 586749397
178 11 190761849
165 179 3112587
134 298 75838405
245 56 605125538
117 105 889219492
262 92 93794560
40 228 809270407
60 286 162584535
138 23 45426420
213 62 133237894
267 261 193842826
147 115 235743954
200 69 493705141
269 35 614002069
96 209 974472062
248 191 145705298
232 5 272100041
22 24 322130936
46 174 192538689
239 80 453529574
35 163 650101626
231 252 970376701
127 264 170261094
129 184 977870379
5 268 55252914
106 13 879910594
158 244 358562705
300
278 115 237
227 7 186
219 181 297
105 19 2
96 38 4
5 105 3
216 169 82
196 128 244
290 156 2
230 231 188
290 38 297
211 213 237
290 156 4
160 280 140
156 286 2
290 156 298
222 8 298
195 232 2
58 300 262
156 290 2
52 34 48
206 185 153
271 219 72
244 34 92
65 183 292
290 55 114
202 75 4
156 19 4
266 222 300
146 15 254
156 271 296
85 234 4
215 213 52
156 147 299
137 154 273
34 246 298
267 27 215
280 82 2
71 40 288
211 218 52
70 263 297
143 58 250
156 78 4
156 290 3
164 284 219
145 81 265
153 71 297
267 191 4
241 49 4
156 91 298
22 231 298
290 156 300
31 65 72
232 253 298
145 251 299
290 156 1
290 156 3
244 57 210
222 7 1
156 98 300
278 215 275
44 228 2
197 50 267
263 242 182
156 290 9
32 138 270
265 145 300
153 79 104
225 140 1
164 219 6
220 67 48
80 173 108
127 51 147
145 257 280
156 290 300
189 55 3
290 156 10
55 198 298
166 87 112
101 165 251
290 156 148
288 74 297
83 67 296
233 34 282
156 290 286
106 298 78
290 248 3
143 262 300
106 200 218
290 156 3
290 128 300
130 49 2
180 40 108
80 177 44
156 290 299
153 184 80
155 189 300
262 55 298
50 187 286
146 31 255
156 290 102
156 290 296
209 34 205
290 84 297
137 96 95
290 54 2
17 233 87
156 290 10
184 23 55
183 173 300
290 156 299
212 93 177
294 211 297
43 201 183
228 192 2
297 178 297
239 138 4
249 279 255
297 117 120
205 79 298
101 159 3
290 156 104
42 260 198
74 71 1
156 290 102
156 205 9
102 148 1
156 76 1
277 185 195
168 112 155
21 135 1
100 224 207
26 18 57
290 139 106
292 39 204
92 18 3
290 156 297
23 246 3
156 20 3
11 51 296
156 290 128
228 33 297
169 129 144
122 81 12
247 23 44
279 232 256
72 21 158
287 134 194
77 220 76
166 80 219
239 71 145
237 287 99
20 54 117
275 52 3
82 200 142
12 11 1
22 105 198
46 295 76
156 111 98
156 290 297
19 36 58
220 84 70
156 261 298
174 159 244
209 212 66
135 150 296
212 47 298
156 290 19
287 249 103
239 198 64
82 234 196
250 181 170
100 75 70
139 119 10
201 248 4
173 103 262
167 140 270
170 175 8
67 4 1
7 57 274
219 32 300
290 156 2
220 53 3
249 139 299
189 285 299
87 284 2
114 98 296
13 62 182
270 101 215
157 289 263
290 122 142
65 127 104
219 201 2
195 135 299
290 156 296
18 139 98
96 295 179
33 39 295
145 27 130
295 94 296
197 272 300
102 128 4
290 255 3
3 158 213
30 168 258
90 68 135
97 158 140
24 26 94
156 290 300
13 146 162
255 21 38
135 50 110
156 290 297
91 171 77
25 204 10
261 8 4
156 290 299
137 154 299
169 68 147
290 132 2
156 290 296
290 156 4
245 254 214
251 26 170
156 116 1
40 45 1
289 34 172
194 21 299
156 148 296
199 268 125
156 290 225
123 161 296
200 38 244
41 128 290
66 105 10
215 187 298
62 173 208
156 290 1
46 38 11
47 114 297
81 96 292
290 156 2
16 119 58
1 245 2
146 3 174
69 46 216
290 284 10
202 18 164
290 156 297
290 156 217
128 197 62
152 248 255
59 267 299
272 189 12
256 88 129
281 239 45
80 251 296
56 19 88
230 86 230
59 87 296
165 228 297
37 45 4
156 290 96
207 89 202
156 290 298
111 240 299
156 290 299
289 176 210
291 152 297
15 110 30
290 156 296
75 149 106
83 174 10
280 263 298
20 278 219
69 92 14
156 89 299
172 27 299
139 89 86
182 12 46
156 290 298
33 31 292
226 20 296
205 11 4
273 282 297
201 284 96
202 215 9
80 182 113
205 105 152
73 109 1
260 44 296
12 267 298
75 287 10
36 33 225
124 55 300
281 189 298
238 190 126
268 16 190
80 245 1
280 22 90